Date,Day,ibmY,rdcm,iif,epi,indl,smin,scif,inda,inco
means,day,132.86318378378377,12.745659459459459,20.23606081081081,24.540839189189192,68.72916959459458,39.11166756756757,43.71451891891892,32.75987297297298,43.19481486486486
stdevs,day,12.255026690930244,5.098763743338526,1.6733263571456292,1.3955201135716842,12.549850068236838,3.284906701217691,4.275118411578848,1.73791188140043,3.0544556692125093
2018-07-05,0,0.432118,0.0,0.315714,0.415023,0.351829,0.473731,0.564387,0.428697,0.789563
2018-07-06,1,0.515814,0.0,0.268357,0.35277,0.299055,0.402671,0.479729,0.364392,0.671129
2018-07-09,2,0.668062,0.036677,0.161775,0.138021,0.130839,0.201405,0.314646,0.178746,0.534929
2018-07-10,3,0.69357,0.040344,0.28204,0.160876,0.190868,0.225639,0.362492,0.232113,0.550257
2018-07-11,4,0.711905,0.15065,0.453342,0.367926,0.390067,0.460145,0.545684,0.417717,0.667702
2018-07-12,5,0.832272,0.196294,0.653351,0.523209,0.612589,0.602252,0.744364,0.611144,0.673226
2018-07-13,6,0.788429,0.142244,0.737772,0.532409,0.642301,0.529801,0.679877,0.614147,0.596288
2018-07-16,7,0.753357,0.06232,0.930862,0.642072,0.8228,0.586594,0.693751,0.773128,0.560167
2018-07-17,8,0.59632,0.226005,0.965294,0.608094,0.839499,0.454295,0.464096,0.774969,0.427384
2018-07-18,9,0.678425,0.227978,0.878499,0.397953,0.629578,0.024106,-0.034897,0.592447,0.155584
2018-07-19,10,1.054662,0.215882,0.819308,0.48191,0.712385,0.000781,-0.164942,0.679246,0.140309
2018-07-20,11,0.8243,0.359778,0.641644,0.425172,0.600645,-0.164411,-0.381042,0.561724,-0.023549
2018-07-23,12,0.772484,0.652407,0.285076,0.211242,0.326832,-0.497153,-0.686226,0.307696,-0.24715
2018-07-24,13,0.826691,0.861189,0.112907,0.174674,0.264808,-0.553393,-0.799311,0.269769,-0.377952
2018-07-25,14,0.845818,1.040168,-0.059239,0.135457,0.21952,-0.493818,-0.848811,0.23293,-0.437277
2018-07-26,15,0.852998,1.060468,-0.066668,0.24137,0.355673,-0.200014,-0.501938,0.34671,-0.38967
2018-07-27,16,0.728641,1.029241,0.128345,0.384159,0.520023,0.099208,-0.211176,0.491936,-0.292147
2018-07-30,17,0.755748,0.837157,0.30787,0.449801,0.59145,0.247598,0.043746,0.54098,-0.220097
2018-07-31,18,0.711105,0.507467,0.482305,0.59084,0.755239,0.473105,0.361791,0.676669,-0.0943
2018-08-01,19,0.59712,0.031464,0.591795,0.684568,0.877889,0.611468,0.55363,0.780272,0.059486
2018-08-02,20,0.554076,-0.150135,0.614581,0.845282,1.045084,0.758299,0.773871,0.904502,0.358227
2018-08-03,21,0.931913,-0.332966,0.602219,0.873946,1.085081,0.828732,0.849094,0.917611,0.505533
2018-08-06,22,0.798792,-0.387873,0.405112,0.771918,0.859896,0.815505,0.860804,0.72315,0.471939
2018-08-07,23,0.876907,-0.502796,0.347559,0.774775,0.86498,0.911264,0.97785,0.714883,0.51076
2018-08-08,24,0.867343,-0.585913,0.231132,0.677962,0.698314,0.885758,0.897583,0.565287,0.354152
2018-08-09,25,0.823027,-0.881439,-0.051223,0.540229,0.523374,0.792388,0.753326,0.410052,0.24563
2018-08-10,26,0.799657,-1.097193,-0.233498,0.459034,0.50134,0.701999,0.615027,0.390258,0.238824
2018-08-13,27,0.657046,-1.174897,-0.360421,0.339717,0.356336,0.586265,0.483819,0.261723,0.166365
2018-08-14,28,0.709416,-1.15646,-0.539162,0.039747,-0.011521,0.281264,0.136691,-0.040412,-0.040902
2018-08-15,29,0.753733,-1.220499,-0.765513,-0.430802,-0.58513,-0.12883,-0.296182,-0.521227,-0.38536
2018-08-16,30,0.868951,-1.075609,-0.844399,-0.547774,-0.733959,-0.320184,-0.489253,-0.631852,-0.433676
2018-08-17,31,0.92696,-1.276197,-1.044431,-0.884477,-1.157842,-0.655916,-0.838511,-0.977251,-0.607181
2018-08-20,32,0.963222,-1.267148,-1.022208,-0.967273,-1.251448,-0.741378,-0.923994,-1.04664,-0.573449
2018-08-21,33,0.919714,-1.266074,-0.896882,-0.816562,-1.03261,-0.591712,-0.793474,-0.854528,-0.360525
2018-08-22,34,0.860897,-1.322403,-0.675388,-0.649082,-0.795575,-0.475269,-0.686222,-0.668438,-0.120509
2018-08-23,35,0.871366,-1.098627,-0.466773,-0.446125,-0.53716,-0.330087,-0.551329,-0.449484,0.038477
2018-08-24,36,0.925352,-0.976058,-0.232846,-0.249658,-0.324862,-0.206405,-0.385575,-0.282965,0.167593
2018-08-27,37,0.977723,-0.941324,-0.263243,-0.310022,-0.417197,-0.332076,-0.460816,-0.346759,0.170721
2018-08-28,38,0.969669,-0.779871,-0.188679,-0.186263,-0.207492,-0.281322,-0.387766,-0.162662,0.191407
2018-08-29,39,1.046209,-0.68872,-0.067963,0.005051,0.027395,-0.151614,-0.263264,0.033512,0.237843
2018-08-30,40,0.916491,-0.481064,-0.031827,0.065054,0.08525,-0.182838,-0.27395,0.079341,0.192947
2018-08-31,41,0.960807,-0.316565,-0.028702,0.047029,0.038213,-0.207072,-0.264576,0.033092,0.108931
2018-09-04,42,0.896344,-0.205652,-0.137134,-0.140262,-0.219989,-0.293058,-0.250085,-0.187418,-0.033649
2018-09-05,43,0.975307,-0.097767,-0.104109,-0.179352,-0.292358,-0.247211,-0.117512,-0.245036,-0.031042
2018-09-06,44,0.953553,-0.143516,-0.449543,-0.602167,-0.855641,-0.6855,-0.44438,-0.691724,-0.684133
2018-09-07,45,0.877813,-0.231632,-0.724929,-0.796411,-1.188493,-0.987572,-0.650161,-0.978571,-1.193837
2018-09-10,46,0.893928,-0.360885,-0.949445,-0.89833,-1.324496,-1.202633,-0.743707,-1.101343,-1.509481
2018-09-11,47,0.961607,-0.308149,-1.099499,-0.907367,-1.43446,-1.209625,-0.741964,-1.199454,-1.551417
2018-09-12,48,0.968053,-0.285619,-1.305228,-1.138813,-1.728109,-1.387842,-0.872204,-1.458971,-1.802009
2018-09-13,49,1.159819,-0.228155,-1.524819,-1.29895,-1.934138,-1.53771,-1.023626,-1.636913,-2.060876
2018-09-14,50,1.109864,-0.333604,-1.521554,-1.158261,-1.730708,-1.441654,-0.951472,-1.472311,-1.888548
2018-09-17,51,1.07844,0.029315,-1.242104,-0.877976,-1.364772,-1.142641,-0.731305,-1.14584,-1.564616
2018-09-18,52,1.128395,0.019124,-1.059053,-0.710376,-1.104898,-0.880054,-0.550629,-0.920079,-1.318859
2018-09-19,53,1.168681,-1.791998,-1.144103,-0.767719,-1.18852,-0.785276,-0.449523,-1.009663,-1.25336
2018-09-20,54,1.337077,-2.20753,-1.207344,-0.878664,-1.280344,-0.797043,-0.496708,-1.108866,-1.175817
2018-09-21,55,1.353193,-2.864323,-1.056345,-0.757762,-1.10239,-0.708534,-0.439409,-0.945878,-0.944472
2018-09-24,56,1.246837,-2.823967,-0.894093,-0.516187,-0.752435,-0.523511,-0.237327,-0.646216,-0.66773
2018-09-25,57,1.156596,-2.802671,-1.019321,-0.647467,-0.858549,-0.785031,-0.79281,-0.744812,-0.75564
2018-09-26,58,1.374148,-3.054391,-1.27582,-1.075691,-1.239689,-1.238998,-1.336752,-1.124088,-1.12831
2018-09-27,59,1.365278,-2.95121,-1.341891,-1.22213,-1.250837,-1.487863,-1.680813,-1.126636,-1.160442
2018-09-28,60,1.341916,-2.70726,-1.235295,-1.233167,-1.131508,-1.521449,-1.832263,-1.006157,-1.145916
2018-10-01,61,1.486143,-2.469085,-1.269837,-1.298757,-1.105344,-1.676488,-1.931735,-1.002073,-1.104439
2018-10-02,62,1.546567,-2.112173,-1.301689,-1.451098,-1.152363,-1.913658,-2.226137,-1.063592,-1.13969
2018-10-03,63,1.503866,-1.749114,-1.360456,-1.487716,-1.116796,-2.021343,-2.360071,-1.04589,-1.110048
2018-10-04,64,1.34997,-1.318529,-1.302949,-1.480454,-1.066298,-2.019256,-2.385995,-1.023389,-1.076602
2018-10-05,65,1.166266,-0.87274,-1.35915,-1.592797,-1.262069,-2.0018,-2.230233,-1.249711,-1.266198
2018-10-08,66,1.114695,-0.421827,-1.551932,-1.930223,-1.651919,-2.069775,-2.130143,-1.704504,-1.509936
2018-10-09,67,1.022039,-0.164326,-1.996768,-2.409125,-2.074953,-2.187995,-2.062229,-2.199861,-1.752707
2018-10-10,68,0.65543,0.142471,-2.212085,-2.446228,-2.049971,-2.12974,-1.925163,-2.174461,-1.679252
2018-10-11,69,0.359731,0.070166,-2.220196,-2.391911,-2.015895,-2.017437,-1.789716,-2.166415,-1.644666
2018-10-12,70,0.507181,-0.082125,-2.08348,-2.228515,-1.881964,-1.622652,-1.403821,-2.044581,-1.488585
2018-10-15,71,0.529735,0.073164,-1.664921,-1.91885,-1.594268,-1.109122,-0.953098,-1.765641,-1.110253
2018-10-16,72,0.851228,0.099917,-0.833069,-1.191122,-0.980637,-0.402982,-0.270053,-1.108663,-0.387273
2018-10-17,73,-0.040717,0.125937,-0.263268,-0.604209,-0.487089,0.203918,0.374632,-0.580495,0.078591
2018-10-18,74,-0.322723,0.248975,0.516817,0.197823,0.206596,0.930007,1.127887,0.193521,0.671011
2018-10-19,75,-0.439557,0.406628,0.802813,0.402543,0.387114,1.134969,1.3184,0.354423,0.843752
2018-10-22,76,-0.365424,0.651659,0.842,0.307171,0.308848,1.040927,1.231683,0.244719,0.794428
2018-10-23,77,-0.269545,0.896269,0.932499,0.34361,0.353648,1.083802,1.272471,0.277267,0.926291
2018-10-24,78,-0.591837,1.148853,0.931443,0.291245,0.305328,0.921224,1.149462,0.195141,0.980696
2018-10-25,79,-0.653069,1.344233,0.928077,0.375807,0.373568,0.931219,1.098633,0.242886,1.057564
2018-10-26,80,-0.786827,1.350642,0.826509,0.330919,0.335367,0.823567,0.945531,0.199468,0.950865
2018-10-29,81,-1.201775,1.498567,0.882059,0.448106,0.438809,0.883078,0.878304,0.315388,0.972505
2018-10-30,82,-1.543406,1.533652,0.850288,0.497326,0.491195,0.91582,0.924595,0.367902,0.961259
2018-10-31,83,-1.540983,1.523239,0.870356,0.649937,0.638693,0.982384,0.97592,0.536579,0.945343
2018-11-01,84,-1.428188,1.568337,0.925974,0.918338,0.863931,1.274536,1.261672,0.80362,1.227714
2018-11-02,85,-1.521652,1.614496,1.080491,1.17935,1.112448,1.466585,1.411207,1.111972,1.362911
2018-11-05,86,-1.167936,1.640826,1.521662,1.706961,1.581348,1.941548,1.879051,1.658942,1.724074
2018-11-06,87,-0.921384,1.733663,1.717073,2.060918,1.929998,2.123962,2.079704,2.073908,2.04138
2018-11-07,88,-0.782796,1.740356,1.867442,2.316807,2.224235,2.273727,2.209212,2.396525,2.236675
2018-11-08,89,-0.77382,1.752815,1.84439,2.350694,2.264741,2.13263,2.140188,2.421233,2.127679
2018-11-09,90,-0.760764,1.654451,2.065669,2.58768,2.499341,2.226289,2.275162,2.689604,2.260747
2018-11-12,91,-0.976186,1.448347,1.942464,2.418492,2.305628,2.071221,2.099826,2.474658,2.029223
2018-11-13,92,-0.981082,1.151678,1.843229,2.196234,2.061151,1.895663,1.948127,2.211334,1.851942
2018-11-14,93,-1.033305,0.953742,1.594362,1.783689,1.655518,1.594687,1.663543,1.755492,1.515767
2018-11-15,94,-0.932122,0.836898,1.51716,1.758252,1.634493,1.533903,1.542316,1.750957,1.389577
2018-11-16,95,-0.921514,0.655476,1.490284,1.689943,1.58185,1.465412,1.41475,1.698595,1.350664
2018-11-19,96,-1.024329,0.560328,1.541425,1.749569,1.621077,1.444305,1.30013,1.738382,1.403297
2018-11-20,97,-1.278103,0.482006,1.53784,1.729249,1.647883,1.379852,1.162237,1.747906,1.44443
2018-11-21,98,-1.166312,0.414438,1.481258,1.633208,1.616102,1.185315,0.932593,1.709252,1.428124
2018-11-23,99,-1.278919,0.463968,1.181057,1.280448,1.303987,0.923312,0.581661,1.364017,1.18254
2018-11-26,100,-1.085529,0.410169,1.037451,1.108306,1.184466,0.857837,0.495959,1.226697,1.11017
2018-11-27,101,-1.047177,0.426546,0.933873,0.908259,1.010511,0.717592,0.410351,1.019489,1.040877
2018-11-28,102,-0.804828,0.457466,0.807072,0.713228,0.887058,0.601771,0.231222,0.899084,1.063943
2018-11-29,103,-0.928858,0.443983,0.802154,0.622988,0.853147,0.553061,0.130394,0.862948,0.958758
2018-11-30,104,-0.701197,0.426948,0.927044,0.728951,1.022962,0.598721,0.159594,1.034119,1.077205
2018-12-03,105,-0.616334,0.554167,1.066611,0.861892,1.224422,0.655181,0.160732,1.233113,1.211074
2018-12-04,106,-0.919066,0.643134,1.059787,0.82173,1.218317,0.636106,0.17144,1.196739,1.218242
2018-12-06,107,-0.730572,0.639159,1.069372,0.731602,1.087326,0.585686,0.126988,1.046568,1.108006
2018-12-07,108,-1.103481,0.489145,0.878334,0.455377,0.753638,0.397117,-0.024053,0.686608,0.789349
2018-12-10,109,-0.957418,0.404312,0.582976,0.085979,0.332144,0.141244,-0.267329,0.26225,0.316778
2018-12-11,110,-0.977002,0.299006,0.05258,-0.472369,-0.270765,-0.317548,-0.663122,-0.373108,-0.254956
2018-12-12,111,-0.95497,0.298467,-0.676317,-1.3393,-1.144821,-1.048831,-1.292808,-1.343387,-1.02804
2018-12-13,112,-0.990058,0.449765,-0.900853,-1.52343,-1.382798,-1.213162,-1.283544,-1.52543,-1.181286
2018-12-14,113,-1.057785,0.541145,-0.704032,-1.193955,-1.127984,-0.888492,-0.898697,-1.182753,-0.883687
2018-12-17,114,-1.367862,0.562287,-0.487458,-0.887518,-0.883687,-0.574237,-0.580374,-0.902461,-0.509181
2018-12-18,115,-1.322982,0.422767,-0.40005,-0.723417,-0.756895,-0.390273,-0.383497,-0.750539,-0.264671
2018-12-19,116,-1.340934,0.285239,-0.27198,-0.480962,-0.573681,-0.270243,-0.248527,-0.547007,-0.075045
2018-12-20,117,-1.619187,0.240311,0.090245,0.025907,-0.057833,0.100882,0.126773,0.003309,0.385767
2018-12-21,118,-1.788914,0.095835,0.217526,0.237451,0.091599,0.251493,0.287311,0.168327,0.515338
2018-12-24,119,-2.063903,-0.011293,0.401975,0.600591,0.420215,0.459918,0.576019,0.50381,0.717211
2018-12-26,120,-1.752194,-0.026618,0.452371,0.538136,0.260198,0.4232,0.636462,0.34565,0.52419
2018-12-27,121,-1.557172,-0.153833,0.463206,0.340367,0.032305,0.311486,0.489654,0.104155,0.110193
2018-12-28,122,-1.618371,-0.380362,0.543169,0.387441,0.055455,0.2249,0.415834,0.123601,-0.006302
2018-12-31,123,-1.566148,-0.472688,0.560937,0.44469,0.136284,0.173977,0.42437,0.181893,-0.039671
2019-01-02,124,-1.440485,-0.534605,0.66659,0.634221,0.321072,0.26194,0.454823,0.35774,0.088095
2019-01-03,125,-1.628163,-0.414862,0.703719,0.68639,0.359311,0.299554,0.484934,0.428331,0.086241
2019-01-04,126,-1.268311,-0.218488,0.596509,0.556482,0.251368,0.275823,0.524395,0.272153,-0.159095
2019-01-07,127,-1.200584,0.00778,0.30283,0.151397,-0.133396,0.087322,0.274241,-0.134,-0.441433
2019-01-08,128,-1.063497,0.185759,0.587568,0.223105,-0.026404,0.213303,0.337547,0.005929,-0.191414
2019-01-09,129,-0.993322,0.231684,0.524493,0.079082,-0.142713,0.129702,0.213412,-0.117626,-0.469223
2019-01-10,130,-0.903563,0.359563,0.526348,-0.01063,-0.182859,0.085966,0.172661,-0.171304,-0.617116
2019-01-11,131,-0.93049,0.423755,0.416018,-0.133751,-0.19824,-0.050118,0.119083,-0.217101,-0.705374
2019-01-14,132,-1.017801,0.662561,0.299488,-0.220203,-0.206406,-0.067182,0.109921,-0.234827,-0.742576
2019-01-15,133,-0.908459,0.847912,0.336976,-0.32513,-0.288677,-0.201818,0.01682,-0.346376,-0.837316
2019-01-16,134,-0.917434,0.888674,0.120422,-0.571977,-0.51119,-0.400765,-0.154683,-0.605994,-0.976213
2019-01-17,135,-0.870923,0.791116,0.021035,-0.610968,-0.554645,-0.550092,-0.174853,-0.632017,-1.034837
2019-01-18,136,-0.737916,0.577177,-0.014456,-0.516773,-0.443965,-0.541186,-0.121493,-0.511577,-1.016623
2019-01-22,137,-0.843995,0.490918,-0.086064,-0.386297,-0.304126,-0.530485,-0.157817,-0.377517,-1.012376
2019-01-23,138,0.002188,0.490718,-0.194541,-0.33155,-0.294774,-0.622438,-0.274576,-0.386056,-1.0154
2019-01-24,139,-0.027188,0.321657,-0.576565,-0.479258,-0.377327,-0.871988,-0.56052,-0.48199,-1.184291
2019-01-25,140,0.090315,0.204226,-0.901312,-0.536495,-0.412387,-0.901802,-0.644832,-0.515608,-1.221512
2019-01-28,141,0.114795,0.224573,-1.040752,-0.463113,-0.304902,-0.868873,-0.715637,-0.404633,-1.048432
2019-01-29,142,0.119691,0.208327,-1.328568,-0.484695,-0.296518,-0.912332,-0.857956,-0.398547,-1.157796
2019-01-30,143,0.123771,0.256621,-1.667702,-0.727667,-0.504428,-1.067942,-1.170116,-0.622137,-1.323081
2019-01-31,144,0.127035,0.310978,-1.867044,-0.871696,-0.656261,-1.200394,-1.359711,-0.760086,-1.41106
2019-02-01,145,0.100923,0.342129,-1.740528,-0.838146,-0.603254,-1.020049,-1.261696,-0.708403,-1.297777